Abdominal aortic aneurysm	682000	520000	356000	436000	535000	425000	417000	475000	184000	2730000	449000	437000	458000	927000	1540000	2890000	996000	473000	327000	1490000	160000	934000	13900000
Anemia	29600000	12600000	1040000	29600000	1450000	18200000	30600000	27700000	810000	38600000	9730000	30000000	22200000	24800000	37500000	34100000	30800000	2930000	8060000	27500000	1530000	5590000	39700000
Arthritis	51700000	20200000	3000000	38300000	10700000	49100000	33300000	39300000	1430000	146000000	49000000	61900000	50600000	71100000	163000000	66000000	180000000	7100000	29600000	39500000	2920000	34700000	38800000
Bronchitis	18500000	7440000	982000	11900000	4200000	25600000	11500000	9070000	688000	22100000	12700000	14300000	15600000	16500000	19400000	36200000	15700000	1060000	5950000	11400000	1170000	2330000	12700000
Cold sore	38700000	13400000	5690000	18000000	9400000	39700000	19900000	30400000	6950000	53000000	231000000	22500000	34300000	42900000	63500000	40800000	25600000	9900000	25100000	11700000	3300000	9630000	32100000
Common cold	138000000	30200000	13000000	51100000	21100000	96800000	35000000	47300000	21700000	253000000	80300000	72700000	56400000	187000000	473000000	166000000	92900000	10200000	157000000	42000000	12700000	22300000	69100000
Conjunctivitis	8610000	2320000	375000	6380000	4640000	8250000	3290000	5800000	141000	6580000	3090000	2860000	6090000	7460000	8450000	4130000	7440000	345000	786000	2990000	413000	541000	5720000
Influenza	33300000	12900000	706000	11300000	3580000	22300000	14300000	61600000	672000	26500000	11200000	13800000	13700000	19400000	33900000	25500000	18300000	1710000	12400000	15600000	1460000	2870000	11700000
Gallstones	1310000	844000	192000	1380000	864000	906000	1370000	987000	123000	2330000	975000	1220000	905000	1460000	1690000	1350000	2210000	606000	472000	1090000	206000	543000	3070000
Gastroenteritis	8950000	1230000	155000	8730000	1310000	5870000	4180000	2010000	168000	5240000	1410000	2430000	3140000	3380000	2880000	4230000	3050000	434000	667000	3590000	290000	780000	5970000
Gastro-esophageal reflux disease	5090000	1400000	1110000	8040000	2980000	7140000	8750000	1750000	312000	12900000	30400000	4730000	7350000	7410000	4330000	7160000	8030000	1040000	1040000	11300000	321000	2590000	9810000
Mononucleosis	4240000	1420000	633000	106000	918000	1100000	730000	769000	1210000	190000	875000	991000	913000	721000	987000	919000	820000	909000	211000	355000	995000	232000	333000	817000	
Gout	13900000	2860000	965000	6890000	1490000	13600000	8120000	6000000	688000	25800000	8270000	16400000	12400000	16800000	22300000	13500000	18200000	779000	7410000	9720000	831000	4840000	7560000
Roseola	436000	111000	30800	152000	166000	181000	104000	441000	67000	165000	291000	135000	143000	277000	278000	161000	302000	64700	73700	294000	56200	75000	226000	
Hemorrhoids	1380000	1130000	824000	1690000	1700000	1810000	1050000	1450000	404000	1150000	1570000	1060000	1360000	1260000	1530000	951000	1510000	907000	857000	1540000	883000	988000	1320000
Laryngitis	1460000	1090000	155000	1040000	1400000	2020000	1070000	1070000	236000	1190000	1610000	1150000	1040000	1550000	1350000	1310000	1700000	394000	1330000	1430000	221000	569000	961000	
Urinary tract infection	25100000	10100000	6140000	22000000	16200000	17000000	18700000	15100000	1640000	28500000	18900000	16700000	15600000	32300000	20600000	26100000	24200000	1680000	6230000	32600000	1290000	10300000	36600000
Osteoporosis	13300000	5650000	550000	16800000	4430000	14000000	13800000	11300000	355000	36600000	10800000	21700000	20300000	24700000	35800000	22800000	24600000	1150000	8190000	15600000	688000	25700000	16300000
Pneumonia	45800000	15500000	1410000	23500000	6690000	37200000	20100000	16000000	1110000	37300000	19200000	11900000	21300000	33000000	39500000	42700000	34200000	3990000	18600000	22500000	2920000	9440000	25700000
Psoriasis	28200000	10400000	1310000	23100000	9910000	21200000	14500000	35000000	679000	35900000	17400000	23600000	26500000	34400000	52600000	27800000	39500000	1220000	8620000	14800000	1190000	7070000	25700000
Ringworm	6770000	1520000	620000	10900000	20800000	6310000	2180000	15500000	269000	5840000	4070000	2310000	5370000	15100000	8950000	5900000	2600000	1070000	1520000	4620000	1010000	719000	7370000
Sinusitis	42200000	39800000	814000	8380000	2900000	18000000	7500000	6050000	282000	17100000	10800000	9030000	57200000	18600000	16300000	14500000	58400000	658000	3150000	6430000	772000	1610000	14700000
Norovirus	1220000	313000	38300	956000	258000	314000	369000	319000	40900	1410000	264000	421000	398000	378000	857000	444000	504000	112000	441000	456000	122000	145000	474000	
Cholecystitis	837000	305000	107000	529000	364000	335000	635000	368000	99300	639000	268000	418000	429000	427000	579000	646000	865000	283000	156000	645000	120000	392000	1910000
Pancreatitis	5950000	1790000	266000	4060000	987000	2770000	6450000	2810000	239000	6270000	1150000	3020000	3360000	2830000	6810000	5920000	54000000	693000	900000	5870000	416000	114000013	100000
Appendicitis	23600000	976000	475000	1680000	1650000	1360000	1620000	1230000	212000	2220000	1160000	1330000	1440000	1840000	3080000	2830000	2020000	572000	1260000	1770000	371000	932000	4880000	
Cirrhosis	7620000	1560000	377000	11400000	1020000	2820000	7850000	8010000	256000	8430000	1300000	5210000	5300000	8250000	13700000	8600000	15100000	650000	1010000	6510000	598000	1030000	16400000	
Clostridium difficile	1280000	1440000	232000	2050000	1250000	1240000	3720000	863000	570000	41400000	1920000	598000	1300000	14600000	46500000	20900000	11400000	1150000	8930000	13700000	1810000	8330000	20800000	
Celiac disease	2750000	1200000	424000	5290000	1450000	1430000	2160000	1920000	641000	5970000	3130000	4520000	2350000	3290000	6150000	4960000	7200000	493000	1570000	2030000	456000	1550000	10700000	
Croup	2380000	831000	586000	861000	1180000	3150000	584000	932000	558000	1620000	1620000	716000	1390000	2130000	2040000	2050000	1030000	243000	1470000	1190000	318000	590000	701000	
Deep vein thrombosis	3490000	981000	902000	1150000	1910000	1040000	1380000	2080000	431000	8580000	2750000	2580000	4750000	6280000	3910000	6560000	3390000	1090000	904000	9540000	578000	1770000	11100000	
Endometriosis	5670000	1520000	384000	16400000	1280000	17600000	5400000	7780000	357000	20700000	3080000	8150000	6970000	13400000	19300000	10100000	7620000	499000	3480000	3230000	451000	1050000	19000000	
Ganglion cyst	306000	796000	119000	413000	568000	410000	395000	687000	151000	830000	271000	534000	724000	844000	390000	366000	412000	348000	268000	1040000	123000	804000	1190000	
Fifth disease	25400000	6760000	2940000	5250000	2710000	6350000	4810000	7550000	3230000	39300000	6670000	8680000	6530000	32900000	49900000	26400000	13300000	7400000	29500000	7560000	1160000	6090000	9690000
Hand, foot and mouth disease	16300000	7780000	9810000	6740000	3070000	11000000	1230000	10200000	6150000	32400000	29600000	8260000	7860000	24800000	35100000	28200000	16200000	12300000	22800000	21600000	1140000	6770000	17100000	
Hepatitis B	34100000	7820000	1120000	19300000	6410000	12900000	14200000	13800000	441000	31600000	7680000	13300000	14400000	31400000	32200000	22100000	30100000	2690000	7600000	22400000	1040000	5270000	26000000	
Hepatitis C	28800000	10100000	773000	19800000	1690000	13700000	18000000	25200000	858000	39800000	11200000	18000000	17800000	25700000	36000000	25200000	35000000	2810000	15000000	25700000	1150000	7040000	27600000	
Irritable bowel syndrome	6210000	1290000	996000	13500000	3660000	4430000	9160000	3790000	559000	13300000	6970000	12800000	8140000	9080000	9360000	7290000	8530000	1190000	1620000	5180000	606000	1300000	16500000	
Vaginal thrush	1640000	1580000	923000	1880000	2540000	1460000	1670000	2240000	955000	1700000	1930000	1520000	1830000	2510000	2230000	1840000	1820000	1190000	1510000	3020000	1830000	859000	1860000	
Kidney stones	12700000	7010000	930000	14400000	11600000	9830000	12700000	9730000	2780000	30300000	7660000	10800000	10600000	25500000	33900000	24300000	11200000	8150000	12400000	14600000	1250000	10300000	25700000	
Lupus	12200000	6200000	819000	6090000	1670000	4650000	6820000	12600000	659000	24800000	5630000	13900000	7790000	16200000	26800000	17600000	29400000	1250000	8730000	10400000	1060000	3180000	10100000	
Lyme disease	18800000	1630000	425000	3220000	1500000	3540000	2320000	6050000	660000	34300000	2440000	10900000	4050000	15600000	32800000	15100000	6230000	950000	15400000	2920000	727000	2500000	6590000	
Ulcerative colitis	4120000	1580000	319000	7040000	1670000	1710000	3020000	1660000	380000	7390000	2080000	4510000	2680000	4040000	6160000	4230000	11700000	1380000	1170000	2130000	380000	1410000	11000000	
Scabies	3210000	1080000	316000	1330000	1930000	1820000	1270000	3440000	169000	2200000	3080000	1390000	2380000	4470000	6110000	1480000	1780000	1000000	1010000	1890000	325000	434000	1330000	
Shingles	10900000	1450000	701000	2360000	1580000	4890000	2520000	9450000	895000	9310000	5780000	5260000	5440000	13600000	19800000	16300000	6040000	620000	6030000	2920000	813000	887000	3780000	
Tonsillitis	5120000	4750000	468000	1080000	2590000	2320000	1130000	1560000	318000	8760000	3100000	1260000	1560000	4390000	2490000	8010000	1710000	485000	881000	1270000	330000	1420000	3150000	
